Stratum	Pixarea	Map	Reference	RefType	Correct
10	0.000637793	1	1	Type1	1
2	0.000430062	0	0.1	Type1	0.9
1	0.00074926	0	0	Type0	1
3	0.000732794	0	0	Type0	1
8	0.000743643	1	0.9	Type1	0.9
3	0.000766086	0	0	Type0	1
8	0.000762473	1	0	Type0	0
10	0.000626077	1	1	Type1	1
3	0.000759622	0	0	Type0	1
10	0.000769286	1	1	Type1	1
2	0.00060334	0	0	Type0	1
6	0.000703913	0.5	0	Type0	0.5
3	0.000748342	0	0	Type0	1
3	0.00076775	0	0	Type0	1
7	0.00045062	1	1	Type1	1
6	0.000641421	1	1	Type1	1
8	0.000692807	1	0	Type0	0
7	0.00030901	1	1	Type1	1
7	0.000355239	0.7	0.4	Type1	0.7
5	0.000766491	0	0	Type0	1
9	0.000526506	1	1	Type1	1
8	0.000730726	1	1	Type1	1
7	0.000383659	1	1	Type1	1
2	0.000356336	0	0	Type0	1
3	0.000763977	0	0	Type0	1
10	0.000670386	1	1	Type1	1
5	0.000680653	0	0	Type0	1
4	0.000533693	0	0	Type0	1
8	0.000769293	1	1	Type1	1
10	0.000649157	1	1	Type1	1
7	0.000417264	1	1	Type1	1
4	0.000520948	0	0	Type0	1
7	0.000447675	1	1	Type1	1
6	0.000768308	1	0	Type0	0
8	0.000624553	1	1	Type1	1
3	0.000741128	0	0	Type0	1
10	0.000627337	1	1	Type1	1
5	0.000768305	0	0	Type0	1
7	0.000366741	1	1	Type1	1
1	0.000767917	0	0	Type0	1
7	0.000394689	1	1	Type1	1
4	0.000657439	0	0	Type0	1
10	0.000768368	1	1	Type1	1
7	0.00032961	1	1	Type1	1
7	0.000371195	1	1	Type1	1
1	0.000740774	0	0	Type0	1
3	0.00076806	0	0	Type0	1
5	0.000769127	0	0	Type0	1
3	0.000765903	0	0	Type0	1
10	0.000650643	1	1	Type1	1
10	0.000768301	1	1	Type1	1
5	0.000769316	0	0	Type0	1
3	0.000628745	0	0	Type0	1
5	0.000737975	0	0	Type0	1
4	0.000631852	0	0	Type0	1
3	0.00065255	0	0	Type0	1
7	0.000343097	1	1	Type1	1
2	0.000350347	0	0	Type0	1
9	0.000536851	1	1	Type1	1
4	0.000643145	0	0	Type0	1
10	0.000768355	1	0	Type0	0
5	0.000768304	0	0	Type0	1
7	0.0004174	1	1	Type1	1
7	0.000465196	1	0	Type0	0
1	0.000765787	0	0	Type0	1
4	0.000431108	0	0	Type0	1
2	0.00032957	0	0	Type0	1
7	0.00034966	1	1	Type1	1
10	0.000768661	1	1	Type1	1
5	0.000750346	0	0	Type0	1
10	0.00076838	1	0	Type0	0
10	0.000647873	1	1	Type1	1
9	0.000344858	1	1	Type1	1
9	0.00040947	1	1	Type1	1
9	0.000479636	1	1	Type1	1
2	0.000340814	0	0	Type0	1
3	0.000751658	0	1	Type1	0
9	0.000343327	1	1	Type1	1
7	0.000415501	1	1	Type1	1
3	0.000731065	0	0	Type0	1
1	0.000768997	0	0	Type0	1
9	0.000390752	1	1	Type1	1
5	0.000768768	0	0	Type0	1
1	0.000761883	0	0	Type0	1
5	0.000733703	0	0	Type0	1
10	0.000697303	1	0	Type0	0
10	0.000639849	1	0	Type0	0
5	0.000767672	0.2	0	Type0	0.8
3	0.000706829	0	0	Type0	1
1	0.000764844	0	0	Type0	1
7	0.000353908	1	1	Type1	1
7	0.00034782	1	0	Type0	0
4	0.000641793	0	0	Type0	1
4	0.000557616	0	0	Type0	1
2	0.000386217	0	0	Type0	1
5	0.000769036	0.2	0.3	Type1	0.9
2	0.000420427	0	0	Type0	1
4	0.000655106	0	0	Type0	1
3	0.000759478	0	0	Type0	1
3	0.000731302	0	0	Type0	1
3	0.000713081	0	0	Type0	1
10	0.000665985	1	1	Type1	1
7	0.000385351	1	1	Type1	1
7	0.000352066	1	1	Type1	1
4	0.000589886	0	0	Type0	1
3	0.000726744	0	0	Type0	1
1	0.000727042	0	0	Type0	1
7	0.000354209	1	1	Type1	1
3	0.000579807	0	0	Type0	1
2	0.000515744	0	0	Type0	1
4	0.000619784	0	0	Type0	1
9	0.000487778	1	0	Type0	0
5	0.000760373	0	1	Type1	0
9	0.000566338	1	1	Type1	1
2	0.000516527	0	0	Type0	1
3	0.000736298	0	0	Type0	1
8	0.000749385	1	1	Type1	1
6	0.000719613	1	1	Type1	1
10	0.000766909	1	0	Type0	0
2	0.000347119	0	0	Type0	1
3	0.000763871	0	0	Type0	1
8	0.000671356	1	0	Type0	0
8	0.000677277	1	0	Type0	0
6	0.000641462	1	1	Type1	1
2	0.000570073	0	0	Type0	1
9	0.000379691	1	1	Type1	1
9	0.000490758	1	1	Type1	1
4	0.000632646	0	0	Type0	1
6	0.000713231	1	0	Type0	0
2	0.000393613	0	0	Type0	1
6	0.000618723	1	1	Type1	1
2	0.000394443	0	0	Type0	1
7	0.000466095	1	0	Type0	0
1	0.000760558	0	0	Type0	1
7	0.000610033	1	0	Type0	0
4	0.000637228	0	0	Type0	1
3	0.000729234	0	0	Type0	1
1	0.00076363	0	0	Type0	1
4	0.000613443	0	0	Type0	1
9	0.000442766	1	1	Type1	1
7	0.000368568	1	1	Type1	1
5	0.000766917	0	0	Type0	1
3	0.000689091	0	0	Type0	1
1	0.000740631	0	0	Type0	1
3	0.000606902	0	0	Type0	1
7	0.000316536	1	1	Type1	1
5	0.000608644	0	0	Type0	1
3	0.0006952	0	0	Type0	1
3	0.000748939	0	0	Type0	1
5	0.000767314	0	0	Type0	1
7	0.000457697	1	1	Type1	1
5	0.000713024	0	0	Type0	1
4	0.000641185	0	0	Type0	1
1	0.000739916	0	0	Type0	1
2	0.000348493	0	0	Type0	1
5	0.000731775	0	0	Type0	1
6	0.000738419	1	0	Type0	0
3	0.000767522	0	0	Type0	1
9	0.000398141	1	1	Type1	1
5	0.000768203	0	1	Type1	0
6	0.000638526	1	1	Type1	1
7	0.000330503	1	1	Type1	1
1	0.000766937	0	0	Type0	1
4	0.000639179	0	0	Type0	1
10	0.000649241	1	0	Type0	0
8	0.000757521	1	0	Type0	0
1	0.000769314	0	0	Type0	1
3	0.000768286	0	0	Type0	1
6	0.000638155	1	1	Type1	1
4	0.000499829	0	0	Type0	1
3	0.000752967	0	0	Type0	1
2	0.000565022	0	0	Type0	1
8	0.000726632	1	1	Type1	1
5	0.000768725	0	0	Type0	1
2	0.000396689	0	0	Type0	1
3	0.000629984	0	0	Type0	1
4	0.000653207	0	0	Type0	1
3	0.000703368	0	0	Type0	1
5	0.000699917	0	0	Type0	1
10	0.000681432	1	0	Type0	0
3	0.000733234	0	0	Type0	1
7	0.000419063	1	0	Type0	0
1	0.000727491	0	0	Type0	1
1	0.00076339	0	0	Type0	1
6	0.000641301	1	1	Type1	1
8	0.000759179	1	1	Type1	1
9	0.000407043	1	1	Type1	1
2	0.00042011	0	1	Type1	0
5	0.000768427	0	0	Type0	1
8	0.000767851	1	1	Type1	1
6	0.000769236	1	1	Type1	1
2	0.000357916	0	0	Type0	1
4	0.000494769	0	0	Type0	1
3	0.000739265	0	0	Type0	1
4	0.000515512	0	0	Type0	1
3	0.000767597	0	0	Type0	1
2	0.000396894	0	0	Type0	1
10	0.000714891	1	0	Type0	0
3	0.000755218	0	0	Type0	1
9	0.000406378	1	1	Type1	1
2	0.000332733	0	0	Type0	1
8	0.000761683	1	1	Type1	1
10	0.000716799	1	1	Type1	1
6	0.000764734	1	0	Type0	0
9	0.000377996	1	1	Type1	1
5	0.000764426	0	0	Type0	1
10	0.000626116	1	0	Type0	0
10	0.00071633	1	0	Type0	0
7	0.000397314	1	0	Type0	0
10	0.000658681	1	1	Type1	1
7	0.00048132	1	1	Type1	1
2	0.000508445	0	0	Type0	1
7	0.000339727	1	1	Type1	1
9	0.000356606	1	1	Type1	1
1	0.00076137	0	0	Type0	1
10	0.000768927	0.8	0.5	Type1	0.7
10	0.000768752	1	1	Type1	1
1	0.000766733	0	0	Type0	1
10	0.000687228	1	0	Type0	0
2	0.000419202	0	0	Type0	1
4	0.000631778	0	0	Type0	1
4	0.000646041	0	0	Type0	1
1	0.000742371	0	0	Type0	1
5	0.000726902	0	0	Type0	1
3	0.000701943	0	0	Type0	1
3	0.000754134	0	0	Type0	1
1	0.000750432	0	0	Type0	1
1	0.000767447	0	0	Type0	1
2	0.000626516	0	0	Type0	1
4	0.00050046	0	0	Type0	1
1	0.000768687	0	0	Type0	1
5	0.000722076	0	0	Type0	1
3	0.000759043	0	0	Type0	1
6	0.000743508	1	0	Type0	0
3	0.000755288	0	0	Type0	1
5	0.000709465	0	0	Type0	1
9	0.000308432	1	1	Type1	1
6	0.000636424	1	0	Type0	0
9	0.000623795	1	1	Type2	1
1	0.000755542	0	0	Type0	1
7	0.000424703	1	1	Type2	1
4	0.000653822	0	0	Type0	1
9	0.000387365	1	1	Type2	1
2	0.000509841	0	0	Type0	1
8	0.000733985	1	1	Type2	1
4	0.000503474	0	0	Type0	1
3	0.000757564	0	0	Type0	1
5	0.000768852	0	0	Type0	1
4	0.000660215	0	0	Type0	1
10	0.000648382	1	1	Type2	1
8	0.000767821	1	1	Type2	1
5	0.000720815	0	0	Type0	1
3	0.000769064	0	0	Type0	1
3	0.000737355	0	0	Type0	1
3	0.000766945	0	0	Type0	1
8	0.000752854	1	0	Type0	0
1	0.000768482	0	0	Type0	1
3	0.000763225	0	0	Type0	1
1	0.000742049	0	0	Type0	1
5	0.00072602	0	0	Type0	1
8	0.000748586	1	1	Type2	1
3	0.000693451	0	0	Type0	1
7	0.000339463	1	1	Type2	1
6	0.000706687	1	1	Type2	1
3	0.000739676	0	0	Type0	1
7	0.000376544	1	1	Type2	1
2	0.000565995	0	0	Type0	1
2	0.000447861	0	0	Type0	1
8	0.000749899	1	1	Type2	1
10	0.000635501	1	1	Type2	1
7	0.000315758	1	1	Type2	1
3	0.000738536	0	0	Type0	1
6	0.000739509	1	1	Type2	1
7	0.000359893	1	1	Type2	1
7	0.000445514	1	1	Type2	1
5	0.000768559	0	0	Type0	1
4	0.00062288	0	0	Type0	1
7	0.000339262	1	1	Type2	1
3	0.000653783	0	0	Type0	1
8	0.000769289	1	0	Type0	0
3	0.000746109	0	0	Type0	1
4	0.000668901	0	0	Type0	1
3	0.000768087	0.3	0.1	Type2	0.8
7	0.000351963	1	1	Type2	1
6	0.000729747	1	0	Type0	0
10	0.00069414	1	0	Type0	0
9	0.000492826	1	1	Type2	1
1	0.000766851	0	0	Type0	1
4	0.000450514	0	0	Type0	1
1	0.000717904	0	0	Type0	1
7	0.000414623	1	0	Type0	0
1	0.000758553	0	0	Type0	1
3	0.000706651	0	0	Type0	1
7	0.000381345	1	1	Type2	1
2	0.00058802	0	0	Type0	1
5	0.000768727	0	0	Type0	1
3	0.000701711	0	0	Type0	1
10	0.000685943	1	0	Type0	0
1	0.000737588	0	0	Type0	1
3	0.000735971	0	0	Type0	1
8	0.000760896	1	1	Type2	1
3	0.000696497	0	0	Type0	1
3	0.000737706	0	0	Type0	1
7	0.000364784	1	1	Type2	1
3	0.000747902	0	0	Type0	1
10	0.000668947	1	1	Type2	1
3	0.00070079	0	0	Type0	1
2	0.000423523	0	0	Type0	1
5	0.000724123	0	0	Type0	1
3	0.000741006	0	0	Type0	1
4	0.000645758	0	0	Type0	1
5	0.000754258	0	0	Type0	1
9	0.000488327	1	1	Type2	1
9	0.000541973	1	1	Type2	1
8	0.000750648	1	1	Type2	1
1	0.000763824	0	0	Type0	1
3	0.000767269	0	0	Type0	1
5	0.000701181	0	0	Type0	1
8	0.000706282	1	1	Type2	1
9	0.000435905	1	1	Type2	1
8	0.000767968	1	0	Type0	0
3	0.00073202	0	0	Type0	1
1	0.000754472	0	0	Type0	1
1	0.000767815	0	0	Type0	1
1	0.000766757	0	0	Type0	1
8	0.000753557	1	1	Type2	1
5	0.000769272	0	0	Type0	1
2	0.000349539	0	0	Type0	1
7	0.000349801	1	1	Type2	1
6	0.000709963	1	0	Type0	0
5	0.000746267	0	0	Type0	1
5	0.000769175	0	0	Type0	1
1	0.000718446	0	0	Type0	1
3	0.000723235	0	0	Type0	1
8	0.000766073	1	1	Type2	1
1	0.000769272	0	0	Type0	1
6	0.000636389	1	1	Type2	1
3	0.000701067	0	0	Type0	1
2	0.000390953	0	0	Type0	1
5	0.000610119	0	0	Type0	1
7	0.00039869	1	0	Type0	0
1	0.000764505	0	0	Type0	1
2	0.000561502	0	0	Type0	1
4	0.000653757	0	0	Type0	1
3	0.000752988	0	0	Type0	1
8	0.000769048	1	1	Type2	1
7	0.000463092	1	1	Type2	1
3	0.000769312	0	0	Type0	1
10	0.000582591	1	1	Type2	1
7	0.000460874	1	1	Type2	1
9	0.000382325	1	1	Type2	1
6	0.000764831	1	0	Type0	0
10	0.000676459	1	0	Type0	0
10	0.000704122	1	0	Type0	0
9	0.000471967	1	1	Type2	1
3	0.000735612	0	0	Type0	1
3	0.00076187	0	0	Type0	1
2	0.000505954	0	0	Type0	1
5	0.000674164	0	0	Type0	1
10	0.000666887	1	1	Type2	1
9	0.000446209	1	1	Type2	1
10	0.000576124	1	0	Type0	0
3	0.000765265	0	0	Type0	1
3	0.000726985	0	1	Type2	0
9	0.00035113	1	1	Type2	1
5	0.000767284	0	0	Type0	1
7	0.000282696	1	1	Type2	1
5	0.000733146	0	0	Type0	1
5	0.000768326	0	0	Type0	1
6	0.000712163	1	0	Type0	0
7	0.000464238	1	1	Type2	1
8	0.000733514	1	0	Type0	0
3	0.000759773	0	0	Type0	1
5	0.000767777	0	0	Type0	1
4	0.000447307	0	0	Type0	1
7	0.000293636	1	1	Type2	1
1	0.000769024	0	0	Type0	1
5	0.000703735	0	0	Type0	1
7	0.000357304	1	1	Type2	1
6	0.000756277	1	1	Type2	1
1	0.000763371	0	0	Type0	1
6	0.000652299	1	1	Type2	1
5	0.000699109	0	0	Type0	1
8	0.000761053	1	1	Type2	1
1	0.000759833	0	0	Type0	1
9	0.000521118	1	1	Type2	1
4	0.000440678	0	0	Type0	1
4	0.00052276	0	0	Type0	1
3	0.0007529	0	0	Type0	1
3	0.000688287	0	0	Type0	1
7	0.00049399	1	0	Type0	0
4	0.000546406	0	0	Type0	1
3	0.000726413	0	0	Type0	1
8	0.000722445	1	0	Type0	0
9	0.000429105	1	1	Type2	1
7	0.000494985	1	1	Type2	1
1	0.000767558	0	0	Type0	1
8	0.000679477	1	0	Type0	0
3	0.000767598	0	0	Type0	1
1	0.000769275	0	0	Type0	1
9	0.000336069	1	1	Type2	1
9	0.000382668	1	1	Type2	1
4	0.000642617	0	0	Type0	1
7	0.000413257	1	1	Type2	1
2	0.000402707	0	1	Type2	0
4	0.000650631	0	0	Type0	1
10	0.000769199	1	1	Type2	1
5	0.000701883	0	0	Type0	1
6	0.000638073	1	1	Type2	1
7	0.000318181	1	1	Type2	1
7	0.00061434	1	1	Type2	1
3	0.000761575	0	0	Type0	1
6	0.000768743	1	0	Type0	0
4	0.000445569	0	0	Type0	1
10	0.000768668	1	1	Type2	1
2	0.000424244	0	0	Type0	1
7	0.000367764	1	0	Type0	0
6	0.000768695	1	0	Type0	0
1	0.000764312	0	0	Type0	1
2	0.00033655	0	0	Type0	1
1	0.00076931	0	0	Type0	1
3	0.000743951	0	0	Type0	1
9	0.000611538	1	1	Type2	1
1	0.000761113	0	0	Type0	1
5	0.000724204	0	0	Type0	1
3	0.000711337	0	0	Type0	1
8	0.000755348	1	1	Type2	1
5	0.000767229	0	0	Type0	1
8	0.000728872	1	1	Type2	1
1	0.000767371	0	0	Type0	1
7	0.000318286	1	1	Type2	1
1	0.000763597	0	0	Type0	1
5	0.000750628	0	0	Type0	1
7	0.000398932	1	0	Type0	0
3	0.000718474	0	0	Type0	1
3	0.00075932	0	1	Type2	0
8	0.000749103	1	1	Type2	1
10	0.000768388	1	1	Type2	1
3	0.000729609	0	0	Type0	1
7	0.000323303	1	1	Type2	1
10	0.000769	1	0	Type0	0
3	0.000753669	0	0	Type0	1
1	0.000721415	0	0	Type0	1
5	0.000740437	0	0	Type0	1
3	0.000705243	0	0	Type0	1
3	0.000706569	0	0	Type0	1
7	0.000377496	1	1	Type2	1
3	0.000752044	0	0	Type0	1
8	0.00072959	1	1	Type2	1
1	0.00076926	0	0	Type0	1
4	0.000639378	0	0	Type0	1
7	0.000397574	1	1	Type2	1
5	0.000766262	0	0	Type0	1
1	0.000765522	0	0	Type0	1
5	0.000754693	0	0	Type0	1
7	0.000457069	1	1	Type2	1
1	0.000769184	0	0	Type0	1
8	0.00075326	1	1	Type2	1
7	0.00036593	1	1	Type2	1
6	0.000754584	1	0	Type0	0
8	0.000735706	1	1	Type2	1
7	0.000422429	1	1	Type2	1
10	0.00064934	1	1	Type2	1
4	0.000640538	0	0	Type0	1
9	0.000337827	1	1	Type2	1
8	0.00065382	1	1	Type2	1
7	0.000366617	1	1	Type2	1
3	0.000734359	0	0	Type0	1
1	0.000767513	0	0	Type0	1
3	0.000754052	0	0	Type0	1
5	0.000769191	0	0	Type0	1
3	0.00076548	0	0	Type0	1
5	0.000581677	0	0	Type0	1
4	0.000640673	0	0	Type0	1
3	0.00076886	0	0	Type0	1
7	0.000375975	1	1	Type2	1
4	0.000636964	0	0	Type0	1
6	0.000769008	1	1	Type2	1
6	0.00069286	1	1	Type2	1
7	0.000486523	0.5	0.5	Type2	1
8	0.000701704	1	1	Type2	1
4	0.000551031	0	0	Type0	1
3	0.000696414	0	0	Type0	1
8	0.000756271	1	0	Type0	0
6	0.000769215	1	1	Type2	1
3	0.00075283	0	0	Type0	1
8	0.000749816	1	1	Type2	1
10	0.000768049	1	1	Type2	1
7	0.000436241	1	1	Type2	1
3	0.000767713	0	0	Type0	1
3	0.000760372	0	1	Type2	0
1	0.00076365	0	0	Type0	1
3	0.000762469	0	0	Type0	1
9	0.00040165	1	1	Type2	1
3	0.000764623	0	0	Type0	1
10	0.000660282	1	1	Type2	1
3	0.000755504	0	0	Type0	1
2	0.000458791	0	0	Type0	1
4	0.000425932	0	0	Type0	1
3	0.0007582	0	0	Type0	1
5	0.000768763	0	0	Type0	1
7	0.000369031	1	1	Type2	1
6	0.000766944	1	0	Type0	0
7	0.00043326	1	1	Type2	1
9	0.000350979	1	1	Type2	1
5	0.000769316	0	0	Type0	1
7	0.000342745	1	1	Type2	1
2	0.000475769	0	0	Type0	1
1	0.000767721	0	0	Type0	1
8	0.000752447	1	1	Type2	1
4	0.000451483	0	0	Type0	1
7	0.000332718	1	0	Type0	0
2	0.000363669	0	0	Type0	1
3	0.000764167	0	0	Type0	1
4	0.000636141	0	0	Type0	1
3	0.000765479	0	0	Type0	1
3	0.000749902	0	0	Type0	1
6	0.000712895	1	1	Type2	1
5	0.000751515	0	0	Type0	1
6	0.000631118	1	0	Type0	0
6	0.000710765	1	1	Type2	1
7	0.000359259	1	1	Type2	1
2	0.000360043	0	0	Type0	1
5	0.00076925	0	0	Type0	1
9	0.000327213	1	1	Type2	1
5	0.00076862	0	1	Type2	0
2	0.000401209	0	0	Type0	1
5	0.000689102	0	0	Type0	1
4	0.000653563	0	0	Type0	1
3	0.000728979	0	0	Type0	1
8	0.000721192	1	0	Type0	0
6	0.000641382	1	1	Type2	1
7	0.000354344	1	1	Type2	1
4	0.000617179	0	0	Type0	1
3	0.000768627	0	0	Type0	1
1	0.000768925	0	0	Type0	1
3	0.000758635	0	0	Type0	1
10	0.000668131	1	1	Type2	1
3	0.000752994	0	1	Type2	0
7	0.00038541	1	1	Type2	1
10	0.000668374	1	1	Type2	1
7	0.000612531	1	1	Type2	1
3	0.000642158	0	0	Type0	1
9	0.000551415	1	1	Type2	1
1	0.000756377	0	0	Type0	1
1	0.000764933	0	0	Type0	1
7	0.000347385	1	1	Type2	1
3	0.000730859	0	0	Type0	1
3	0.000769268	0	0	Type0	1
4	0.000471395	0	0	Type0	1
3	0.000760765	0	0	Type0	1
9	0.000323878	1	1	Type2	1
1	0.000734024	0	0	Type0	1
2	0.000526129	0	0	Type0	1
10	0.000769047	1	1	Type2	1
3	0.000749931	0	0	Type0	1
3	0.000680755	0	0	Type0	1
3	0.000703126	0	0	Type0	1
9	0.000369743	1	1	Type2	1
7	0.000429222	1	1	Type2	1
1	0.00076805	0	0	Type0	1
2	0.000449754	0	0	Type0	1
2	0.000342527	0	0	Type0	1
10	0.000684836	1	1	Type2	1
5	0.000768511	0	0	Type0	1
2	0.000411607	0	1	Type2	0
8	0.000760304	1	1	Type2	1
3	0.000756222	0	0	Type0	1
1	0.000765835	0	0	Type0	1
5	0.000623568	0	0	Type0	1
10	0.000769297	1	0	Type0	0
6	0.000769299	1	0	Type0	0
2	0.000480002	0	0	Type0	1
6	0.000768654	1	0	Type0	0
5	0.000710698	0	0	Type0	1
5	0.000768152	0	0	Type0	1
4	0.000440623	0	0	Type0	1
5	0.000768257	0	0	Type0	1
2	0.000406521	0	0	Type0	1
8	0.000719495	1	0	Type0	0
9	0.000317845	1	1	Type2	1
8	0.000767327	1	1	Type2	1
10	0.000657768	1	1	Type2	1
2	0.000336108	0	0	Type0	1
2	0.000544965	0	0	Type0	1
1	0.000769316	0	0	Type0	1
5	0.000687719	0	0	Type0	1
7	0.00034389	1	1	Type2	1
8	0.000761713	1	1	Type2	1
2	0.000361035	0	0	Type0	1
6	0.000620471	1	1	Type2	1
8	0.000751079	1	1	Type2	1
8	0.000754277	1	0	Type0	0
5	0.000768559	0	0	Type0	1
6	0.000716702	1	1	Type2	1
5	0.00076916	0	0	Type0	1
1	0.000669148	0	0	Type0	1
2	0.000374924	0	0	Type0	1
7	0.00039884	1	1	Type2	1
5	0.000767633	0	1	Type2	0
3	0.000768087	0	0	Type0	1
1	0.000764381	0	0	Type0	1
3	0.000687371	0	0	Type0	1
3	0.000746741	0	0	Type0	1
4	0.000646885	0	0	Type0	1
8	0.000757344	1	1	Type2	1
3	0.000739813	0	0	Type0	1
2	0.000558807	0	0	Type0	1
5	0.000748742	0	0	Type0	1
10	0.000769086	1	1	Type2	1
7	0.000361584	1	1	Type2	1
5	0.000749673	0	0	Type0	1
1	0.000756036	0	0	Type0	1
5	0.000767346	0	0	Type0	1
7	0.000467206	1	1	Type2	1
7	0.00037248	1	0	Type0	0
3	0.000758218	0	0	Type0	1
1	0.000767146	0	0	Type0	1
3	0.000746306	0	0	Type0	1
10	0.000767947	1	1	Type2	1
4	0.000645435	0	0	Type0	1
7	0.000292837	1	1	Type2	1
3	0.000757247	0	0	Type0	1
5	0.000763121	0	0	Type0	1
5	0.000769239	0	0	Type0	1
1	0.000768511	0	0	Type0	1
7	0.000345131	1	1	Type2	1
10	0.000645288	1	1	Type2	1
1	0.000765614	0	0	Type0	1
7	0.000292934	1	1	Type2	1
10	0.000750653	1	1	Type2	1
1	0.000762922	0	0	Type0	1
7	0.000390217	1	0	Type0	0
4	0.000649316	0	0	Type0	1
9	0.000379324	1	1	Type2	1
6	0.000619318	1	1	Type2	1
3	0.000752067	0	1	Type2	0
9	0.000443213	1	1	Type2	1
1	0.000722565	0	0	Type0	1
9	0.000525731	1	0	Type0	0
7	0.000401451	1	1	Type2	1
5	0.000723605	0	0	Type0	1
8	0.000758854	1	0	Type0	0
10	0.000605827	1	0	Type0	0
9	0.000451604	1	1	Type2	1
4	0.000642824	0	0	Type0	1
10	0.000668741	1	1	Type2	1
6	0.000764334	1	1	Type2	1
10	0.000643028	1	1	Type2	1
8	0.000754091	1	0	Type0	0
5	0.0007113	0	0	Type0	1
10	0.000632412	1	1	Type2	1
6	0.000739754	1	1	Type2	1
2	0.000432362	0	0	Type0	1
1	0.000749297	0	0	Type0	1
9	0.000439267	1	1	Type2	1
1	0.000761477	0	0	Type0	1
5	0.000767538	0	0	Type0	1
5	0.000751939	0	0	Type0	1
5	0.000768277	0	1	Type2	0
3	0.000733503	0	0	Type0	1
10	0.000769221	1	1	Type2	1
7	0.000482049	1	0	Type0	0
5	0.000681634	0	0	Type0	1
8	0.000750888	1	1	Type2	1
2	0.000373988	0	0	Type0	1
1	0.000696101	0	0	Type0	1
10	0.000699641	1	1	Type2	1
2	0.000391448	0	0	Type0	1
6	0.00062592	1	1	Type2	1
1	0.000760548	0	0	Type0	1
1	0.000752832	0	0	Type0	1
7	0.000339062	1	1	Type2	1
7	0.000461349	1	1	Type2	1
4	0.000510483	0	0	Type0	1
8	0.000762055	1	1	Type2	1
3	0.000768426	0	0	Type0	1
1	0.000759225	0	0	Type0	1
7	0.000358691	1	0	Type0	0
8	0.000726776	1	1	Type2	1
5	0.000768545	0	0	Type0	1
9	0.000392405	1	1	Type2	1
10	0.000768397	1	0	Type0	0
4	0.000506154	0	0	Type0	1
7	0.000392898	1	1	Type2	1
9	0.000310535	1	1	Type2	1
7	0.000324068	1	0	Type0	0
1	0.00076905	0	0	Type0	1
3	0.000707274	0	0	Type0	1
3	0.000714463	0	0	Type0	1
7	0.000472408	1	1	Type2	1
7	0.000572684	1	1	Type2	1
8	0.000709326	1	1	Type2	1
2	0.000427816	0	0	Type0	1
3	0.000589479	0	0	Type0	1
3	0.000718905	0	0	Type0	1
3	0.000750743	0	0	Type0	1
6	0.000738168	1	0	Type0	0
1	0.000764581	0	0	Type0	1
1	0.000754048	0	0	Type0	1
5	0.000709702	0	0	Type0	1
6	0.000709125	1	1	Type2	1
3	0.000758794	0	0	Type0	1
10	0.000640179	1	1	Type2	1
6	0.000696944	1	0	Type0	0
2	0.00048731	0	0	Type0	1
7	0.000332407	1	1	Type2	1
3	0.000690642	0	1	Type2	0
3	0.000732446	0	0	Type0	1
2	0.000420998	0	0	Type0	1
9	0.000394481	1	1	Type2	1
3	0.00076867	0	0	Type0	1
9	0.000364763	1	1	Type2	1
5	0.000679887	0	0	Type0	1
4	0.000505044	0	0	Type0	1
4	0.000647405	0	0	Type0	1
6	0.00063904	1	1	Type2	1
1	0.000760837	0	1	Type2	0
4	0.000642149	0	0	Type0	1
1	0.0007515	0	0	Type0	1
4	0.00066403	0	0	Type0	1
8	0.000769267	1	1	Type2	1
8	0.000767432	1	1	Type2	1
6	0.00076815	1	0	Type0	0
10	0.000767627	1	0	Type0	0
8	0.000727761	1	1	Type2	1
9	0.000362802	1	1	Type2	1
6	0.000697208	1	1	Type2	1
5	0.000768562	0	0	Type0	1
8	0.000744758	1	1	Type2	1
5	0.000769022	0	0	Type0	1
4	0.000656854	0	0	Type0	1
2	0.000489697	0	0	Type0	1
6	0.000681806	1	0	Type0	0
6	0.000638254	1	1	Type2	1
8	0.000768357	1	0	Type0	0
8	0.000766329	1	1	Type2	1
3	0.000761832	0	0	Type0	1
9	0.000459362	1	1	Type2	1
8	0.000768883	1	1	Type2	1
9	0.000304816	1	1	Type2	1
1	0.000740185	0	0	Type0	1
6	0.0007396	1	1	Type2	1
9	0.000422691	1	1	Type2	1
9	0.00032961	1	1	Type2	1
3	0.000703745	0	0	Type0	1
8	0.000761299	1	1	Type2	1
1	0.000766445	0	0	Type0	1
4	0.000499082	0	0	Type0	1
3	0.000755927	0	0	Type0	1
3	0.000768856	0	0	Type0	1
7	0.000359313	1	0	Type0	0
3	0.000768384	0	0	Type0	1
9	0.000363598	1	1	Type2	1
7	0.00042508	1	1	Type2	1
7	0.000452198	1	1	Type2	1
9	0.000493252	1	0	Type0	0
1	0.000765103	0	0	Type0	1
9	0.000466965	1	1	Type2	1
7	0.000309745	1	1	Type2	1
2	0.000395017	0	0	Type0	1
7	0.000418426	1	1	Type2	1
3	0.000653145	0	0	Type0	1
5	0.00076835	0	0	Type0	1
7	0.000278785	1	1	Type2	1
1	0.000750674	0	0	Type0	1
5	0.000768894	0	0	Type0	1
3	0.000765649	0	0	Type0	1
2	0.00047843	0	0	Type0	1
3	0.000739547	0	0	Type0	1
1	0.000756853	0	0	Type0	1
6	0.000637065	1	1	Type2	1
5	0.000768359	0	0	Type0	1
5	0.000769164	0	0	Type0	1
6	0.000640318	1	0	Type0	0
2	0.000427998	0	0	Type0	1
4	0.000454715	0	0	Type0	1
1	0.000741232	0	0	Type0	1
6	0.000765521	1	0	Type0	0
3	0.000753521	0	0	Type0	1
8	0.000684246	1	1	Type2	1
8	0.000661413	1	0	Type0	0
5	0.000768934	0	0	Type0	1
3	0.000758502	0	0	Type0	1
5	0.000768257	0	0	Type0	1
9	0.000448519	1	1	Type2	1
10	0.000649869	1	1	Type2	1
10	0.000769295	1	0	Type0	0
7	0.000454965	1	1	Type2	1
3	0.000752291	0	0	Type0	1
9	0.00062473	1	1	Type2	1
4	0.000511094	0	0	Type0	1
10	0.000612244	1	0	Type0	0
4	0.000439251	0	0	Type0	1
2	0.000414296	0	0	Type0	1
8	0.000760184	1	0	Type0	0
1	0.000737487	0	0	Type0	1
7	0.000379635	1	1	Type2	1
2	0.000364584	0	0	Type0	1
9	0.000457492	1	1	Type2	1
5	0.0007693	0	0	Type0	1
2	0.000416427	0	0	Type0	1
7	0.000569766	1	0	Type0	0
7	0.000491235	1	1	Type2	1
4	0.000648989	0	0	Type0	1
1	0.000761899	0	0	Type0	1
6	0.000751545	1	1	Type2	1
9	0.000486053	1	1	Type2	1
6	0.000714597	1	1	Type3	1
5	0.000754144	0	0	Type0	1
6	0.000766661	1	0	Type0	0
5	0.000594639	0	0	Type0	1
3	0.000748889	0	0	Type0	1
3	0.000728963	0	0	Type0	1
8	0.000652037	1	0	Type0	0
3	0.000738251	0	0	Type0	1
6	0.000651049	0.6	0.7	Type3	0.9
5	0.000647129	0	0	Type0	1
10	0.000580744	1	1	Type3	1
7	0.000324274	1	1	Type3	1
8	0.000768861	1	0	Type0	0
3	0.000622836	0	0	Type0	1
9	0.000301539	1	1	Type3	1
3	0.000735187	0	0	Type0	1
4	0.000647832	0	0	Type0	1
2	0.00039908	0	0	Type0	1
4	0.000664417	0	0	Type0	1
6	0.000640568	1	0	Type0	0
9	0.000497677	1	0	Type0	0
8	0.00076787	1	0	Type0	0
10	0.000645244	1	1	Type3	1
2	0.000420741	0	0	Type0	1
9	0.000496028	1	1	Type3	1
7	0.000383135	1	1	Type3	1
1	0.000759794	0	0	Type0	1
7	0.000489235	1	1	Type3	1
8	0.00073343	1	0	Type0	0
6	0.000745802	1	1	Type3	1
1	0.000753101	0	0	Type0	1
3	0.000710739	0	0	Type0	1
9	0.000397412	1	1	Type3	1
9	0.000468402	1	1	Type3	1
9	0.000388999	1	0	Type0	0
6	0.000708441	1	1	Type3	1
6	0.000768502	1	0	Type0	0
2	0.000486593	0	0	Type0	1
2	0.000461384	0	0	Type0	1
3	0.000766656	0	0	Type0	1
5	0.00076727	0	0	Type0	1
8	0.00075792	1	0	Type0	0
9	0.000633461	1	1	Type3	1
8	0.000766397	1	0	Type0	0
2	0.000399421	0	0	Type0	1
8	0.000704657	1	0	Type0	0
7	0.000354803	1	1	Type3	1
2	0.000426255	0	0	Type0	1
7	0.000330494	1	1	Type3	1
5	0.000768568	0	0	Type0	1
7	0.000398762	1	1	Type3	1
4	0.000517378	0	0	Type0	1
5	0.000707877	0	0	Type0	1
5	0.00076925	0	0	Type0	1
7	0.000373595	1	1	Type3	1
5	0.00070889	0	0	Type0	1
9	0.000626636	1	0	Type0	0
5	0.00076924	0	0	Type0	1
1	0.000767243	0	0	Type0	1
3	0.000749247	0	0	Type0	1
9	0.000527896	1	1	Type3	1
6	0.000769181	1	0	Type0	0
4	0.000543344	0	0	Type0	1
10	0.000765353	1	0	Type0	0
4	0.000536042	0	0	Type0	1
1	0.000688382	0	0	Type0	1
9	0.00033983	1	1	Type3	1
5	0.000765957	0	0	Type0	1
4	0.000667264	0	0	Type0	1
1	0.000764768	0	0	Type0	1
3	0.000768137	0	0	Type0	1
6	0.000760492	1	0	Type0	0
10	0.000768721	1	1	Type3	1
10	0.000768041	1	0	Type0	0
10	0.000768666	1	1	Type3	1
3	0.000722051	0	0	Type0	1
9	0.000470039	1	1	Type3	1
5	0.000768352	0	0	Type0	1
6	0.000767793	1	0	Type0	0
5	0.00076576	0	0	Type0	1
1	0.000764436	0	0	Type0	1
7	0.000362208	1	1	Type3	1
4	0.000538564	0	0	Type0	1
8	0.000768827	1	1	Type3	1
3	0.00073172	0	0	Type0	1
4	0.000649483	0	0	Type0	1
1	0.000769237	0	0	Type0	1
6	0.00070612	1	1	Type3	1
3	0.000768143	0	0	Type0	1
1	0.00076653	0	0	Type0	1
4	0.000494387	0	0	Type0	1
4	0.0005579	0	0	Type0	1
2	0.000305179	0	0	Type0	1
7	0.000301446	1	1	Type3	1
4	0.000526487	0	0	Type0	1
4	0.000445976	0	0	Type0	1
2	0.000364593	0	0	Type0	1
7	0.000495307	1	0	Type0	0
6	0.000768329	1	0	Type0	0
9	0.0003983	1	1	Type3	1
7	0.000474187	1	1	Type3	1
7	0.000473492	1	0	Type0	0
7	0.00031382	1	1	Type3	1
3	0.000757042	0	0	Type0	1
5	0.0005736	0	0	Type0	1
3	0.000730928	0	0	Type0	1
2	0.000399444	0	0	Type0	1
3	0.000765437	0	0	Type0	1
2	0.000499844	0	0	Type0	1
4	0.000633466	0	0	Type0	1
8	0.000632494	1	0	Type0	0
3	0.000756352	0	0	Type0	1
2	0.000491742	0	0	Type0	1
5	0.000768849	0	0	Type0	1
5	0.000755239	0	0	Type0	1
2	0.00042361	0	0	Type0	1
4	0.000626892	0	0	Type0	1
2	0.000372737	0	0	Type0	1
5	0.000707643	0	0	Type0	1
4	0.000522107	0	0	Type0	1
9	0.000483075	1	1	Type3	1
4	0.000493027	0	0	Type0	1
6	0.000645905	1	1	Type3	1
2	0.000377401	0	0	Type0	1
5	0.000693909	0	0	Type0	1
3	0.000684388	0	0	Type0	1
7	0.000339712	1	1	Type3	1
8	0.000757072	1	0	Type0	0
2	0.000388188	0	0	Type0	1
10	0.000686112	1	0	Type0	0
3	0.000740472	0	0	Type0	1
7	0.000409104	1	1	Type3	1
8	0.000727347	1	1	Type3	1
1	0.00072611	0	0	Type0	1
4	0.000652476	0	0	Type0	1
4	0.000399972	0	0	Type0	1
8	0.000756612	1	1	Type3	1
5	0.000752339	0	0	Type0	1
10	0.000688348	1	0	Type0	0
1	0.000756605	0	0	Type0	1
9	0.00036366	1	1	Type3	1
4	0.000579457	0	0	Type0	1
5	0.00076077	0	0	Type0	1
5	0.000746822	0	0	Type0	1
6	0.000768999	1	0	Type0	0
3	0.000714793	0	0	Type0	1
1	0.000769298	0	0	Type0	1
7	0.000393755	1	1	Type3	1
5	0.000684054	0	0	Type0	1
7	0.000386643	1	1	Type3	1
10	0.000763379	1	0	Type0	0
7	0.000491071	1	1	Type3	1
7	0.000579104	1	0	Type0	0
3	0.000682904	0	0	Type0	1
3	0.000767764	0	0	Type0	1
2	0.000361336	0	0	Type0	1
10	0.000665091	1	1	Type3	1
10	0.000655177	1	1	Type3	1
5	0.000769117	0	0	Type0	1
8	0.0007664	1	0	Type0	0
3	0.00074743	0	0	Type0	1
6	0.000769247	1	1	Type3	1
4	0.000651404	0	0	Type0	1
7	0.000303063	1	1	Type3	1
7	0.000319799	1	1	Type3	1
3	0.000760137	0	0	Type0	1
10	0.000627643	1	1	Type3	1
1	0.00073562	0	0	Type0	1
5	0.000768834	0	0	Type0	1
3	0.000769118	0	0	Type0	1
2	0.000565375	0	0	Type0	1
6	0.00076394	1	0	Type0	0
8	0.000726959	1	1	Type3	1
10	0.000687385	1	0	Type0	0
7	0.000382821	1	1	Type3	1
9	0.000566241	1	1	Type3	1
1	0.000768284	0	0	Type0	1
10	0.00062713	1	1	Type3	1
4	0.000631492	0	0	Type0	1
5	0.000737612	0	0	Type0	1
3	0.000765004	0	0	Type0	1
8	0.00076898	1	0	Type0	0
1	0.000767047	0	0	Type0	1
5	0.000756555	0	0	Type0	1
5	0.000768513	0	0	Type0	1
5	0.00069751	0	0	Type0	1
9	0.000304367	1	1	Type3	1
8	0.000743169	1	1	Type3	1
5	0.000707892	0	0	Type0	1
8	0.000709011	1	0	Type0	0
5	0.000717688	0	0	Type0	1
4	0.000540969	0	0	Type0	1
3	0.000765569	0	0	Type0	1
10	0.000754675	1	0	Type0	0
1	0.000766073	0	0	Type0	1
3	0.000760859	0	0	Type0	1
10	0.000648262	1	1	Type3	1
3	0.000730402	0	0	Type0	1
6	0.000641039	1	1	Type3	1
5	0.000769119	0	0	Type0	1
3	0.00073786	0	0	Type0	1
5	0.000767253	0	0	Type0	1
1	0.000765046	0	0	Type0	1
5	0.000690238	0	0	Type0	1
1	0.000639562	0	0	Type0	1
2	0.000353479	0	0	Type0	1
3	0.000760371	0	0	Type0	1
7	0.000508861	1	1	Type3	1
5	0.000754544	0	0	Type0	1
4	0.000645633	0	0	Type0	1
3	0.000757877	0	0	Type0	1
9	0.000488073	1	1	Type3	1
2	0.000353464	0	0	Type0	1
6	0.000726316	1	0	Type0	0
2	0.000359143	0	0	Type0	1
3	0.000759573	0	0	Type0	1
4	0.000642971	0	0	Type0	1
7	0.000460888	1	1	Type3	1
2	0.000570703	0	0	Type0	1
3	0.000751445	0	0	Type0	1
6	0.0006465	1	1	Type3	1
3	0.00075154	0	0	Type0	1
3	0.000758832	0	0	Type0	1
4	0.000464928	0	0	Type0	1
7	0.000318976	1	0	Type0	0
3	0.000749	0	0	Type0	1
2	0.000561541	0	0	Type0	1
3	0.000709336	0	0	Type0	1
6	0.000763474	1	0	Type0	0
1	0.000759013	0	0	Type0	1
8	0.00074957	1	1	Type3	1
6	0.000728811	1	1	Type3	1
6	0.000741448	1	0	Type0	0
6	0.000640705	1	0	Type0	0
10	0.000766691	1	0	Type0	0
1	0.000760052	0	0	Type0	1
3	0.000769249	0	0	Type0	1
4	0.000488733	0	0	Type0	1
7	0.000429304	1	1	Type3	1
1	0.000769259	0	0	Type0	1
6	0.000622766	1	1	Type3	1
10	0.000639571	1	1	Type3	1
5	0.000704446	0	0	Type0	1
3	0.0007677	0	0	Type0	1
3	0.000765692	0	0	Type0	1
9	0.000407244	1	1	Type3	1
9	0.000365596	1	1	Type3	1
10	0.000769274	1	1	Type3	1
5	0.00076931	0	0	Type0	1
7	0.000347144	1	1	Type3	1
1	0.000758971	0	0	Type0	1
3	0.000766766	0	1	Type3	0
1	0.000769282	0	0	Type0	1
6	0.000720912	1	0	Type0	0
3	0.000706389	0	0	Type0	1
4	0.000471863	0	0	Type0	1
1	0.000765103	0	0	Type0	1
4	0.000535481	0	0	Type0	1
7	0.000351542	1	1	Type3	1
3	0.000759445	0	0	Type0	1
2	0.000413971	0	0	Type0	1
7	0.000378344	1	0	Type0	0
10	0.000646425	1	1	Type3	1
4	0.000640555	0	0	Type0	1
7	0.000447719	1	1	Type3	1
3	0.000713116	0	0	Type0	1
10	0.00076835	1	0	Type0	0
1	0.000765247	0	0	Type0	1
1	0.000730518	0	0	Type0	1
10	0.000626549	1	1	Type3	1
1	0.000727302	0	0	Type0	1
5	0.000747574	0	0	Type0	1
4	0.000644341	0	0	Type0	1
9	0.000426162	1	1	Type3	1
5	0.000733471	0	0	Type0	1
8	0.000768662	1	0	Type0	0
10	0.000768108	1	1	Type3	1
9	0.000424278	1	1	Type3	1
10	0.000767962	1	0	Type0	0
6	0.00070877	1	0	Type0	0
3	0.000769315	0	0	Type0	1
3	0.000767105	0	0	Type0	1
5	0.000769316	0	0	Type0	1
10	0.000650844	1	1	Type3	1
3	0.000731962	0	0	Type0	1
6	0.000636205	1	0	Type0	0
2	0.000380655	0	0	Type0	1
10	0.000768154	1	0	Type0	0
6	0.000618186	1	1	Type3	1
2	0.000580569	0	0	Type0	1
5	0.000761774	0	0	Type0	1
4	0.000445038	0	0	Type0	1
10	0.000768998	1	1	Type3	1
2	0.000474129	0	0	Type0	1
2	0.000487877	0	0	Type0	1
7	0.000461444	1	1	Type3	1
7	0.000355377	1	1	Type3	1
8	0.000749051	1	1	Type3	1
9	0.000600848	1	1	Type3	1
10	0.000769291	1	0	Type0	0
10	0.000650825	1	1	Type3	1
7	0.000355347	1	1	Type3	1
3	0.00075667	0	0	Type0	1
2	0.00056713	0	0	Type0	1
6	0.00075948	1	1	Type3	1
6	0.000637856	1	0	Type0	0
4	0.000658709	0	0	Type0	1
3	0.000769267	0	0	Type0	1
3	0.000753241	0	0	Type0	1
6	0.000768816	1	0	Type0	0
5	0.000760465	0	0	Type0	1
6	0.000746636	1	0	Type0	0
3	0.000742483	0	0	Type0	1
1	0.000768963	0	0	Type0	1
3	0.000769276	0	0	Type0	1
7	0.000395895	1	1	Type3	1
3	0.000710429	0	0	Type0	1
1	0.000747236	0	0	Type0	1
1	0.000747138	0	0	Type0	1
4	0.00044861	0	0	Type0	1
7	0.000356264	1	1	Type3	1
4	0.000499345	0	0	Type0	1
2	0.000402534	0	0	Type0	1
6	0.000749923	1	1	Type3	1
10	0.000769051	1	1	Type3	1
2	0.00047018	0	0	Type0	1
10	0.00076905	1	0	Type0	0
7	0.000371903	1	1	Type3	1
8	0.000740298	1	1	Type3	1
3	0.00072605	0	0	Type0	1
8	0.000731596	1	1	Type3	1
6	0.000716886	1	1	Type3	1
5	0.000769266	0	0	Type0	1
3	0.00072198	0	0	Type0	1
4	0.000668121	0	0	Type0	1
1	0.000767798	0	0	Type0	1
1	0.000746681	0	0	Type0	1
3	0.000733832	0	0	Type0	1
3	0.000725563	0	0	Type0	1
7	0.000372876	1	1	Type3	1
8	0.000768515	1	1	Type3	1
4	0.000610872	0	0	Type0	1
6	0.000724976	1	1	Type3	1
6	0.000726068	1	1	Type3	1
3	0.000769309	0	0	Type0	1
6	0.000638748	1	1	Type3	1
1	0.000766013	0	0	Type0	1
5	0.000691726	0	0	Type0	1
1	0.000765166	0	1	Type3	0
2	0.000593066	0	0	Type0	1
9	0.000477905	1	1	Type3	1
8	0.000756999	1	1	Type3	1
8	0.000735132	1	0	Type0	0
5	0.000724638	0	0	Type0	1
2	0.000349563	0	0	Type0	1
3	0.000748533	0	0	Type0	1
1	0.000687183	0	0	Type0	1
5	0.000769201	0	0	Type0	1
5	0.000746588	0	0	Type0	1
4	0.000666252	0	0	Type0	1
1	0.000769222	0	0	Type0	1
7	0.000395429	1	1	Type3	1
1	0.000766095	0	0	Type0	1
1	0.000765816	0	0	Type0	1
6	0.000640005	1	0	Type0	0
3	0.00072729	0	0	Type0	1
3	0.000748054	0	0	Type0	1
1	0.000769316	0	0	Type0	1
9	0.000374325	1	1	Type3	1
9	0.000410944	1	1	Type3	1
7	0.000386544	0.9	1	Type3	0.9
5	0.00076845	0	0	Type0	1
1	0.000768864	0	0	Type0	1
3	0.000765317	0	0	Type0	1
1	0.000764644	0	0	Type0	1
8	0.000769036	1	0	Type0	0
3	0.000705484	0	0	Type0	1
8	0.000755403	1	1	Type3	1
3	0.000767938	0	0	Type0	1
9	0.000332211	1	1	Type3	1
3	0.000766563	0	0	Type0	1
5	0.000769297	0	0	Type0	1
2	0.000346001	0	0	Type0	1
8	0.000755275	1	1	Type3	1
7	0.000348725	1	1	Type3	1
3	0.000737107	0	0	Type0	1
6	0.000713694	1	1	Type3	1
4	0.000619525	0	0	Type0	1
7	0.000516382	1	0	Type0	0
1	0.000769294	0	0	Type0	1
10	0.000768518	1	1	Type3	1
9	0.000302319	1	1	Type3	1
5	0.00076772	0	0	Type0	1
8	0.00071912	1	1	Type3	1
1	0.000768737	0	0	Type0	1
6	0.000765893	1	0	Type0	0
2	0.000412431	0	0	Type0	1
3	0.000722855	0	0	Type0	1
10	0.00061242	1	1	Type3	1
5	0.000768239	0	0	Type0	1
7	0.000456757	1	0	Type0	0
1	0.000766001	0	0	Type0	1
9	0.000480415	1	1	Type3	1
9	0.000346011	1	1	Type3	1
9	0.000468984	1	1	Type3	1
6	0.000639747	0.7	0.8	Type3	0.9
9	0.000296825	1	0	Type0	0
1	0.000753239	0	0	Type0	1
5	0.00073974	0	0	Type0	1
5	0.000768534	0	0	Type0	1
6	0.00063828	1	1	Type3	1
5	0.000768975	0	0	Type0	1
7	0.000448196	1	1	Type3	1
5	0.000769258	0	0	Type0	1
9	0.00064032	1	1	Type3	1
3	0.000689259	0	0	Type0	1
5	0.000767084	0	0	Type0	1
8	0.000768142	1	0	Type0	0
7	0.000453852	1	1	Type3	1
3	0.000737047	0	0	Type0	1
9	0.000424773	1	1	Type3	1
1	0.000766043	0	0	Type0	1
4	0.00066637	0	0	Type0	1
8	0.000725432	1	1	Type3	1
7	0.000345291	1	1	Type3	1
4	0.000644491	0	0	Type0	1
1	0.000750098	0	0	Type0	1
9	0.000417916	1	1	Type3	1
8	0.000769172	1	1	Type3	1
5	0.000699718	0	0	Type0	1
7	0.000582002	1	0	Type0	0
9	0.00042918	1	1	Type3	1
3	0.000684416	0	0	Type0	1
1	0.000766582	0	0	Type0	1
7	0.000467546	1	1	Type3	1
10	0.000767865	1	0	Type0	0
4	0.000653087	0	0	Type0	1
3	0.0007526	0	0	Type0	1
9	0.00032152	1	1	Type3	1
5	0.000669217	0	0	Type0	1
5	0.000699116	0	0	Type0	1
4	0.000490957	0	0	Type0	1
2	0.000553484	0	0	Type0	1
9	0.00050726	1	1	Type3	1
3	0.000749889	0	0	Type0	1
6	0.000719866	1	1	Type3	1
4	0.000446756	0	0	Type0	1
3	0.000670594	0	0	Type0	1
5	0.000769235	0	0	Type0	1
9	0.000418457	1	1	Type3	1
8	0.000682494	1	0	Type0	0
